21
456 352
434 180
186 64
400 230
20 380
288 52
240 160
348 177
298 348
30 266
54 181
362 340
432 28
112 318
170 197
38 36
252 294
414 104
104 100
227 344
294 208
111
12 4
16 1
19 2
13 20
15 3
16 18
12 0
2 18
3 16
7 15
16 7
7 9
16 2
13 2
18 1
19 15
2 20
12 19
11 1
11 15
6 9
14 11
8 3
15 10
16 10
2 5
19 0
9 12
2 14
18 17
7 12
14 17
4 15
13 4
12 13
14 9
3 19
1 3
20 12
14 19
16 19
12 2
6 1
8 7
6 5
8 16
0 11
4 16
8 19
3 7
8 5
6 3
17 5
3 0
0 15
4 11
9 15
1 14
18 11
17 7
16 0
9 0
11 17
10 11
10 19
13 8
20 11
19 5
16 17
18 20
20 0
11 7
17 8
7 13
11 5
19 17
1 5
10 7
12 15
15 1
10 18
13 9
14 10
18 9
0 18
3 4
10 12
6 7
4 0
5 9
0 6
13 18
13 14
1 20
12 6
13 11
12 16
14 7
14 15
2 1
3 9
4 10
4 6
20 9
0 17
8 4
18 14
14 6
9 11
12 3
18 19
