24
474 220
156 262
396 38
338 352
84 32
288 22
38 318
334 296
212 118
122 189
224 181
436 372
140 74
368 190
390 94
28 245
190 380
304 80
148 366
464 156
238 270
76 211
214 330
112 138
183
8 1
9 4
15 1
15 7
5 22
12 13
20 5
5 19
2 13
6 20
23 2
13 1
5 3
10 3
11 6
16 7
22 18
4 5
5 0
16 13
8 0
4 11
4 0
14 13
13 3
22 4
10 22
1 16
7 1
15 13
11 14
4 3
14 21
2 20
7 23
0 14
6 23
14 20
15 21
2 5
8 13
0 6
15 12
11 9
11 23
19 4
18 0
18 1
0 21
11 10
22 19
14 5
9 14
11 8
14 17
20 0
23 0
18 15
2 6
6 21
1 12
12 2
14 7
13 23
22 20
17 22
5 13
11 15
6 19
1 19
7 12
15 10
9 13
16 21
21 3
1 4
0 19
16 17
19 2
19 11
20 15
5 17
0 11
10 14
15 0
17 18
7 17
21 8
1 9
4 7
1 20
2 0
8 14
3 15
12 16
19 13
8 23
16 19
14 19
10 13
22 6
10 12
0 1
9 0
11 16
7 0
16 3
7 11
21 4
4 18
3 6
15 2
6 17
7 18
13 4
12 19
8 17
12 17
15 8
16 20
7 9
20 3
0 22
16 8
3 9
14 16
22 11
6 10
14 23
6 8
2 22
20 4
8 20
18 10
5 12
11 1
2 3
2 4
15 16
19 23
7 20
3 18
23 1
22 12
12 4
23 3
2 17
12 11
8 10
4 10
6 4
22 9
11 2
4 17
5 6
21 1
22 15
4 8
10 0
15 5
11 18
17 10
23 17
19 18
8 22
23 21
15 4
20 23
19 15
22 14
10 23
17 11
21 17
21 12
9 8
8 7
13 11
13 0
1 2
5 18
13 17
14 15
9 18
